"","col61_day10_14apr2021_E.png","col61_day10_14apr2021_W.png","col61_day100_13July2021_E.png","col61_day100_13July2021_W.png","col61_day110_23July2021_E.png","col61_day110_23July2021_W.png","col61_day20_24apr2021_E.png","col61_day20_24apr2021_W.png","col61_day32_6may2021_E.png","col61_day32_6may2021_W.png","col61_day40_14may2021_E.png","col61_day40_14may2021_W.png","col61_day46_20may2021_E.png","col61_day46_20may2021_W.png","col61_day50_24may2021_E.png","col61_day50_24may2021_W.png","col61_day60_03June2021_E.png","col61_day60_03June2021_W.png","col61_day71_14June2021_E.png","col61_day71_14June2021_W.png","col61_day81_24June2021_E.png","col61_day81_24June2021_W.png","col61_day89_02July2021_E.png","col61_day89_02July2021_W.png","col62_day120_02August2021_E.png","col62_day120_02August2021_W.png","col62_day129_11August2021_E.png","col62_day129_11August2021_W.png","col62_day141_23August2021_E.png","col62_day141_23August2021_W.png","col62_day151_02September2021_E.png","col62_day151_02September2021_W.png","col62_day159_10September2021_E.png","col62_day159_10September2021_W.png","col62_day170_21September2021_E.png","col62_day170_21September2021_W.png","col62_day180_01October2021_E.png","col62_day180_01October2021_W.png","col62_day190_11October2021_E.png","col62_day190_11October2021_W.png","col62_day200_21October2021_E.png","col62_day200_21October2021_W.png","col62_day208_29October2021_E.png","col62_day208_29October2021_W.png","col62_day221_11November2021_E.png","col62_day221_11November2021_W.png","col62_day229_19November2021_E.png","col62_day229_19November2021_W.png","col62_day241_01December2021_E.png","col62_day241_01December2021_W.png","col76_day10_14apr2021_E.png","col76_day10_14apr2021_W.png","col76_day100_13July2021_E.png","col76_day100_13July2021_W.png","col76_day101_14July2021_E.png","col76_day101_14July2021_W.png","col76_day110_23July2021_E.png","col76_day110_23July2021_W.png","col76_day120_02August2021_E.png","col76_day120_02August2021_W.png","col76_day129_11August2021_E.png","col76_day129_11August2021_W.png","col76_day141_23August2021_E.png","col76_day141_23August2021_W.png","col76_day20_24apr2021_E.png","col76_day20_24apr2021_W.png","col76_day32_6may2021_E.png","col76_day32_6may2021_W.png","col76_day40_14may2021_E.png","col76_day40_14may2021_W.png","col76_day50_24may2021_E.png","col76_day50_24may2021_W.png","col76_day60_03June2021_E.png","col76_day60_03June2021_W.png","col76_day71_14June2021_E.png","col76_day71_14June2021_W.png","col76_day81_24June2021_E.png","col76_day81_24June2021_W.png","col76_day89_02July2021_E.png","col76_day89_02July2021_W.png","col77_day151_02September2021_E.png","col77_day151_02September2021_W.png","col77_day159_10September2021_E.png","col77_day159_10September2021_W.png","col77_day170_21September2021_E.png","col77_day170_21September2021_W.png","col77_day180_1October2021_E.png","col77_day180_1October2021_W.png","col77_day190_11October2021_E.png","col77_day190_11October2021_W.png","col77_day200_21October2021_E.png","col77_day200_21October2021_W.png","col77_day208_29October2021_E.png","col77_day208_29October2021_W.png","col77_day221_11November2021_E.png","col77_day221_11November2021_W.png","col77_day229_19November2021_E.png","col77_day229_19November2021_W.png","col77_day241_01December2021_E.png","col77_day241_01December2021_W.png","East_day105_16Apr2013_N.png","East_day105_16Apr2013_S.png","East_day134_14May2013_N.png","East_day134_14May2013_S.png","East_day169_18Jun2013_N.png","East_day169_18Jun2013_S.png","East_day197_16July2013_N.png","East_day197_16July2013_S.png","East_day224_13Aug2013_N.png","East_day224_13Aug2013_S.png","East_day261_18Sep2013_N.png","East_day261_18Sep2013_S.png","North_day105_16Apr2013_E.png","North_day105_16Apr2013_W.png","North_day134_14May2013_E.png","North_day134_14May2013_W.png","North_day169_18Jun2013_E.png","North_day169_18Jun2013_W.png","North_day197_16July2013_E.png","North_day197_16July2013_W.png","North_day224_13Aug2013_E.png","North_day224_13Aug2013_W.png","North_day261_18Sep2013_E.png","North_day261_18Sep2013_W.png","Office_day105_16Apr2013_E.png","Office_day105_16Apr2013_W.png","Office_day134_14May2013_E.png","Office_day134_14May2013_W.png","Office_day169_18Jun2013_E.png","Office_day169_18Jun2013_W.png","Office_day197_16July2013_E.png","Office_day197_16July2013_W.png","Office_day224_13Aug2013_E.png","Office_day224_13Aug2013_W.png","Office_day261_18Sep2013_E.png","Office_day261_18Sep2013_W.png","South_day105_16Apr2013_E.png","South_day105_16Apr2013_W.png","South_day134_14May2013_E.png","South_day134_14May2013_W.png","South_day169_18Jun2013_E.png","South_day169_18Jun2013_W.png","South_day197_16July2013_E.png","South_day197_16July2013_W.png","South_day224_13Aug2013_E.png","South_day224_13Aug2013_W.png","South_day261_18Sep2013_E.png","South_day261_18Sep2013_W.png"
"col61_day10_14apr2021_E.png",1,0.137527721744749,2.32965597272912e-198,1.0836950937297e-176,4.54659141693876e-198,2.19830985567884e-191,1.4087952092944e-25,2.5909420661984e-20,3.14810075396914e-70,4.87329297900744e-69,1.662065611735e-155,7.04889510490767e-151,1.91392387558527e-97,2.56198118227949e-170,8.25831553701387e-101,1.3441395717897e-103,5.35821280321828e-184,4.60252216997872e-199,1.40691258337111e-109,1.72824634079421e-81,1.57123445976272e-114,5.579484597912e-125,2.17715055987086e-134,3.27847737953912e-125,0,0,2.03993614673588e-172,3.10107509601589e-171,6.63613346351139e-151,1.8426030982218e-159,3.05514657049292e-186,1.3129049243746e-126,1.08103839184718e-163,2.50100305343957e-140,3.31041208645349e-144,2.19824525646065e-154,1.92678248941903e-274,2.04890964341965e-226,1.67278334912913e-213,1.13547498312601e-208,8.42924843115083e-301,9.49481071252651e-291,2.81617418129511e-322,1.35503679192535e-316,2.17408666608937e-285,6.82692935254407e-304,3.81385967079694e-262,0,3.75217205620669e-247,5.58035402904087e-301,0,0,5.50517584121478e-247,3.55179726309342e-245,2.39271668918163e-279,2.09819056519143e-305,1.23800648452672e-297,1.7835769814869e-321,0,0,0,0,6.68354643476082e-299,0,6.94162069913731e-121,3.05394901096122e-152,1.93125496488364e-159,4.34260084601882e-183,2.45759080326696e-208,6.50498501875109e-235,4.66665662370196e-204,1.90429830759456e-211,1.06611396259995e-175,2.25300244143333e-195,1.46418081591344e-214,1.11588181466883e-199,2.15956373696553e-269,5.11237602931034e-264,5.92431827562029e-253,3.48109777727305e-264,0,0,3.5761063579599e-300,0,7.9390529610859e-239,1.50312704948929e-261,2.55389236413643e-289,8.5636149113185e-291,2.97899050482529e-274,1.16599420401809e-294,0,0,0,0,0,0,0,0,0,0,0,0,0,0,6.40684928375022e-248,9.25344040390493e-238,0,0,1.11490957708864e-67,3.8532771839848e-65,3.67620937490347e-177,4.95946916216214e-92,2.61360726650019e-321,0,0,6.06938680861229e-307,8.93597137109873e-315,2.00468360528155e-285,8.49578980422295e-318,3.65979621222549e-318,1.58613814960475e-278,3.18098289342149e-280,0,1.13141032897645e-321,0,0,0,0,0,0,0,0,1.10484880629944e-75,5.80046166641139e-93,1.7577251150782e-66,1.82625102532351e-84,0,0,0,0,0,0,0,0,7.19082839111956e-54,2.74621844131055e-71,9.17307582590581e-28,6.03575515968289e-45
"col61_day10_14apr2021_W.png",0.137527721744749,1,2.17136651105936e-166,1.72584499353002e-146,7.34650385961522e-166,6.93382932374169e-160,1.49202146640759e-31,3.95065937793889e-23,1.30195143348855e-73,2.72347366553962e-68,3.24552870241524e-146,8.99116900147878e-143,1.73107159502196e-89,8.57696823348307e-160,1.50001679846177e-87,5.79023999761627e-89,1.65700028698628e-156,2.04675031699488e-170,5.00929696526026e-89,2.05347247822643e-68,1.29260544205924e-101,2.31683765701822e-114,4.44566776287905e-124,2.23157818284887e-111,0,0,1.83968117124021e-152,1.09747639591679e-154,6.09977073727604e-132,5.58394825100661e-142,3.8589563951591e-172,2.48568868497171e-116,2.05562708590002e-145,2.06263636944559e-119,2.01390015755706e-130,1.14818633463363e-142,1.19476759869987e-254,4.85682068285278e-206,4.76466199694872e-189,1.2200431396024e-182,1.72905920050996e-267,2.99426629993668e-257,1.04472216069568e-285,1.87349647947818e-279,3.36217963533787e-250,1.30742785662931e-267,3.1833292516226e-226,1.41133044602238e-288,9.7349708957368e-213,2.75942214453524e-266,0,0,2.44606890032464e-218,1.91292942551147e-217,1.57874098133217e-248,1.15357588008565e-274,2.3511983902622e-263,2.50768004079837e-288,0,0,1.60792824645501e-297,0,1.019505776443e-266,2.87332769520602e-318,4.76230898108777e-118,8.11210799033776e-150,1.69985469982563e-154,1.78865604967442e-177,1.62124381190976e-201,1.40100948137303e-227,1.1262604743275e-194,4.1523575890484e-203,2.75000808407979e-162,1.72282008046297e-182,3.56260772726484e-189,3.13865579014493e-179,4.37958513270003e-240,4.34850201319938e-236,8.67670142000231e-226,1.2416203067303e-236,1.03753785626662e-322,0,4.64636912267391e-276,7.50294787371969e-301,4.38286035616516e-215,7.66152096473763e-236,2.7614180052694e-263,3.97963608547106e-262,1.19214577587421e-246,1.28631861274116e-266,0,0,0,0,0,0,0,0,0,0,0,0,3.76330267602518e-308,0,2.52830925973892e-214,2.06961828637932e-208,0,0,1.90660804340985e-49,2.09384207755314e-46,3.5723638431647e-151,1.55729821927015e-70,3.00516505079912e-287,3.17056710361585e-294,1.099861197642e-290,9.27851643353201e-274,1.68867152789119e-281,1.80647682179542e-253,1.02513812176354e-285,9.68352148087582e-287,1.35974609418276e-246,1.97819803879456e-248,4.91257192189127e-308,2.54465814126128e-289,0,0,0,0,0,0,0,0,3.40514663212764e-57,6.4384760120836e-76,1.83919422180136e-48,1.9793524188787e-65,0,0,0,0,0,0,6.01277890988797e-321,0,3.73731223106855e-44,2.19679730222563e-61,1.41345359741907e-17,1.25692058124446e-34
"col61_day100_13July2021_E.png",2.32965597272912e-198,2.17136651105936e-166,1,0.305620311062383,0.949471794533753,0.899201798771579,1.05486344680852e-296,1.80249133860546e-230,4.36661157349055e-282,1.53340615658423e-216,5.74117805703538e-109,1.47752137333402e-136,5.31480157783151e-92,4.75301913060577e-114,4.13126521927127e-57,3.25708011084302e-60,4.07351238775418e-06,8.07689841573729e-07,6.65369732736925e-12,2.0577098551416e-222,2.08346008104604e-108,1.90076317238767e-115,1.8754811265341e-122,1.68660621956153e-81,2.04234571034983e-57,3.57847259805112e-115,3.76514840155709e-45,7.51071595529804e-70,6.47671987830601e-49,1.96143216358096e-56,2.24630129760831e-107,7.77201777171543e-111,5.90149908945525e-54,7.95494898751318e-34,1.42209995831923e-85,3.90585454506867e-104,5.99775986361923e-98,1.3766422101574e-65,6.220882505942e-32,3.62865664264172e-19,1.72489308371059e-31,1.29673773278733e-25,1.12099258935291e-30,3.97561675378761e-26,1.57210988437415e-16,2.353595217968e-22,8.51869784740467e-07,1.85599977397373e-31,3.0661455615979e-05,5.1807923818769e-26,0,0,2.83285748830478e-27,5.30665284521851e-31,1.22594281492261e-36,2.59094050214848e-54,1.29852163637252e-31,5.42152695414772e-54,8.89662046400391e-72,3.60330732368474e-117,1.37370648554161e-50,6.5579946727253e-77,4.41051110015761e-42,5.75536924783648e-77,2.803162014523e-159,1.9628786686369e-181,1.76378744498821e-173,5.37821821065149e-181,2.43099025575613e-211,2.90801015219593e-220,2.20254819286218e-152,9.75582721727088e-166,4.72929180860389e-93,1.88387493104948e-91,2.60492771004012e-25,5.52695642468968e-48,3.94458831501339e-35,2.88739665686049e-40,7.19904398246154e-36,1.26977380847751e-42,2.35278569669996e-81,2.48576661314322e-124,1.20894644244308e-89,8.18484131446671e-108,4.27132649839026e-49,9.64248251831557e-54,1.50874795550042e-68,2.14746860806697e-55,1.4220760694387e-49,6.70647145631481e-63,3.4936057579863e-151,2.3199840908915e-146,4.39503719316718e-123,4.14944678825388e-165,8.54481280827497e-170,1.59756105925434e-222,2.79994434868208e-167,1.85457072957172e-207,3.60147771480398e-122,3.47084712078242e-191,1.94679908478434e-206,6.56624671250815e-195,4.77893058810419e-132,7.56954137099418e-155,4.33573480879149e-10,1.53676394271378e-27,5.2180014657393e-148,1.09651508433276e-203,2.71483591603803e-41,6.77734317417505e-54,2.00421828686629e-05,6.04004683358299e-47,7.71305564645282e-47,4.83034542543341e-52,1.31262183048087e-48,2.71142043438162e-42,6.16885722036881e-46,2.02087328101944e-34,5.61291139430838e-53,5.26023687771163e-58,1.39010001575934e-29,3.73174030925197e-32,1.5682339763405e-72,4.17040706697664e-56,0,0,4.28726120535164e-306,1.62436863136414e-277,2.72837405097237e-106,2.64134980980207e-125,2.46570872162543e-135,3.89517921135812e-152,3.96679989569887e-25,5.22950984100562e-20,7.51766619420442e-46,9.65885698711916e-15,0,0,0,0,0,0,1.65310627381575e-126,2.76759437592778e-171,2.42953689140699e-258,5.82002896037511e-298,1.66344968291905e-148,5.15333102042925e-212
"col61_day100_13July2021_W.png",1.0836950937297e-176,1.72584499353002e-146,0.305620311062383,1,0.48345777657265,0.569194088839567,5.2514010921943e-269,7.43114799564434e-207,1.48467582712188e-257,1.49729969022832e-195,3.4426839460828e-104,2.06593860805569e-129,2.38585574062219e-83,2.43253693781316e-110,2.08480868211605e-49,1.808253292331e-51,3.10669949451087e-06,2.55650571712289e-08,1.04250721925786e-07,3.26496722723293e-195,1.07886665727138e-96,1.02337273115757e-106,7.4553597646749e-115,1.81679339178855e-74,1.22515783020642e-69,6.84990481472697e-129,5.44187100298122e-44,2.49047600305102e-68,4.54993770698323e-45,5.70067051629468e-54,1.41266178808239e-106,1.49061130886512e-103,8.15959563800853e-52,2.25777393694811e-29,1.32793247236874e-80,5.28277963260904e-100,3.80192785264391e-104,1.34065792936276e-68,2.80884420112899e-34,3.00899718659794e-21,1.17689466564649e-39,5.10235836799251e-33,1.27287180567625e-39,5.49351716728947e-35,2.38481881015732e-23,1.81322152925447e-30,1.26343565402102e-11,7.39173577372946e-41,2.70893345274964e-09,1.87812646081733e-34,0,0,2.57448559517287e-33,9.0299216670856e-37,2.84213896539823e-44,2.85115002112099e-63,2.57188738523959e-40,4.81938559541392e-64,3.48551172285505e-84,1.58737101490945e-132,2.68496284076189e-61,1.61898916782823e-89,1.90143356372144e-51,1.02310858151567e-88,1.63820259450149e-150,1.83642489631023e-174,2.52412481160695e-166,2.55076357974148e-175,1.49421304601988e-204,1.5369452833445e-215,4.67282719321588e-150,6.67942902011294e-163,2.68555841690295e-90,5.88055372820812e-92,8.67375318325064e-29,1.84087673536218e-49,1.51014455757117e-42,1.20621270305267e-46,1.95595230142531e-42,2.00079870538021e-49,2.09979633408345e-93,1.30715058057858e-138,2.96247405814739e-98,3.01096971901137e-117,3.37656738422455e-54,4.16024736438786e-60,5.23236353787812e-77,5.1025684593342e-64,9.84798765567615e-57,5.18637384430345e-71,4.92951467213196e-167,1.65135099853769e-161,7.81504968583639e-137,1.84722526087208e-181,3.33442066230394e-186,8.54490255193614e-240,1.60787937050465e-183,4.74592414073634e-225,5.09375252307371e-136,2.30219515413439e-207,1.02515651600513e-220,3.35414276321892e-209,6.74903775103346e-139,8.18868225365038e-162,2.80419775777622e-15,4.22723868093399e-32,7.18368562968217e-163,2.19867591988434e-219,2.99787099558983e-31,1.08619779528698e-41,4.53386195566095e-08,1.89597061322825e-37,2.57428529870958e-56,8.09272387212977e-62,3.55249762291738e-58,4.32988820194716e-51,3.91250873031188e-55,2.27564044459267e-42,5.32676328724971e-62,3.22398563627697e-67,3.54383022707246e-37,5.65537420778669e-40,1.20308757854497e-82,1.42668584367826e-65,0,0,1.02571041877082e-317,1.21912712105153e-288,3.45700558700624e-117,8.05408924786774e-137,1.26138225464355e-143,4.68440012729026e-160,7.0403894974527e-18,2.91433622846929e-16,1.662339572438e-35,1.1732473486188e-09,0,0,0,0,0,0,1.1280951855028e-133,1.3013011870749e-176,4.95822635042071e-227,9.91653103821503e-264,1.07934085157009e-126,1.05592965347628e-184
"col61_day110_23July2021_E.png",4.54659141693876e-198,7.34650385961522e-166,0.949471794533753,0.48345777657265,1,0.998220015805796,5.16151045103895e-298,1.86203293065306e-231,6.55590314431035e-285,8.31666992327516e-219,5.38014327378858e-113,1.58214944763364e-140,2.38813116376839e-94,2.3041428534165e-118,1.66550400844565e-58,2.23466087636405e-61,6.38192188510613e-07,2.05317554599576e-07,1.62818912987832e-11,7.88056841075114e-222,2.01974182812911e-110,2.61850973045743e-118,1.41648221751803e-125,8.91060950970266e-84,3.04786409086732e-62,1.65523551587371e-122,6.62530766965021e-48,2.86163206456537e-73,4.28473796687446e-51,3.0772775052324e-59,1.6438416984844e-111,7.97315612516723e-114,9.38176717886952e-57,3.66656328534036e-35,1.2903530222296e-88,7.66867852523477e-108,3.13109736460835e-104,3.79159559606821e-70,4.16062544081508e-35,1.33585335858322e-21,2.81746210252014e-35,6.49311480079237e-29,2.2970670999186e-34,5.49114487363344e-29,3.49550385634483e-19,4.72855289554786e-25,2.29969116499355e-08,1.00197265798296e-34,1.22626153545586e-06,4.54837129493559e-29,0,0,1.94242991205256e-30,2.12888126119167e-34,2.19735522057688e-40,5.98270056260142e-59,8.03369458108643e-35,2.15141300409959e-58,2.69135487709873e-76,1.3416783240007e-123,3.09786243458589e-54,6.90806562125596e-82,1.45188661116706e-45,7.23723241184171e-82,3.43892625758411e-163,2.64896105829783e-186,3.44058078382025e-178,2.51864548571603e-186,7.17625555326195e-217,1.64860375019877e-226,6.58353465549196e-158,1.36072208137702e-171,4.17817011426341e-97,2.44371325886269e-96,2.81982767940793e-28,1.12778427321544e-51,7.11761243753516e-39,2.21369639815161e-44,1.28257557883616e-39,1.05639143367026e-46,7.72799900410616e-87,5.99642557296871e-131,1.19156569984202e-95,1.74909945749411e-114,2.4784155474937e-53,2.7595514242087e-58,8.67477325021772e-74,4.88029629025315e-60,4.84805741970364e-54,6.63832477048513e-68,1.97630773564653e-159,2.47071812131034e-154,1.1432712962373e-130,9.75234578268892e-174,6.86029016607843e-179,7.99681919928591e-233,2.17972379639533e-176,1.910001220617e-217,9.73583089249926e-130,6.63477844516758e-201,6.28804359615998e-217,2.56517292592934e-205,3.20473626311523e-139,1.10703396256887e-162,6.48422299323861e-12,3.94264973308208e-30,8.99074999698678e-157,1.25097454190668e-214,8.38962341263098e-40,6.97678718007987e-52,4.46966285594147e-06,1.2698959314529e-44,2.95032024976195e-51,9.47984237852256e-57,3.37986601604393e-53,1.75772305310394e-46,2.42861009488595e-50,4.14844786083403e-38,5.82591765149042e-58,3.92717213855375e-63,5.72678403452699e-33,1.25111538022869e-35,2.70778477319077e-78,4.46620624808874e-61,0,0,1.49146560903972e-318,2.52862588861382e-289,6.72856676897118e-113,1.30786505230443e-132,5.83409451253597e-143,4.00487501013674e-160,5.5322721499346e-24,3.42857761132559e-20,6.77308163961311e-44,1.54361160552498e-13,0,0,0,0,0,0,1.22409310353057e-133,6.96681714431548e-179,5.96520833753572e-257,7.53721361996049e-297,1.18354939579847e-146,2.8866326574584e-210
"col61_day110_23July2021_W.png",2.19830985567884e-191,6.93382932374169e-160,0.899201798771579,0.569194088839567,0.998220015805796,1,9.98710720922643e-290,8.21631293351583e-225,2.17746333002913e-278,9.55524737912838e-214,7.23080829424213e-112,6.60590665357551e-139,7.65771807166271e-93,2.90373823049216e-117,2.13000954365056e-57,4.41589986673495e-60,5.8904034093377e-07,1.89257091556563e-07,5.34138742917389e-11,5.20609557295856e-212,2.27170635910905e-108,1.32783320318396e-116,7.65029187771307e-124,1.45618465395769e-82,7.35899507541309e-62,3.41930300824108e-121,1.36881666360519e-47,1.17677104059975e-72,1.54371185310018e-50,1.0270230285659e-58,2.50481707119647e-110,2.86528210024724e-112,2.80980945284494e-56,1.19670534677082e-34,1.37537830763178e-87,1.15992314653602e-106,2.26515057235967e-103,9.97479568548761e-70,4.47765807601618e-35,1.10211595461053e-21,2.78988120867751e-35,5.32945297378316e-29,2.20875388530684e-34,4.60915944959056e-29,2.2624111474888e-19,3.5670886026329e-25,1.29338477939298e-08,9.64565736365667e-35,6.95341503878782e-07,3.7166894511426e-29,0,0,1.53238561300209e-30,1.85763611637017e-34,2.2048993936827e-40,1.01428126821668e-58,7.05062053454097e-35,3.52402363036996e-58,7.59879310370885e-76,1.73914402455909e-122,4.53643243126881e-54,2.20718700381255e-81,1.62001963457574e-45,2.27605334249666e-81,6.39457391495457e-161,4.67792527846551e-184,4.55260935052402e-176,2.67789513287779e-184,1.16127952048548e-214,2.36926837010264e-224,1.7339562445689e-156,4.66906900948936e-170,2.67984407737196e-96,1.15508868674614e-95,2.34636341005218e-28,1.79757607372866e-51,6.92374886571129e-39,2.46708292154474e-44,1.29194121010039e-39,1.23803343354461e-46,2.9844788585402e-86,8.98842847237718e-130,5.63075513091312e-95,1.49581088032779e-113,3.47389960304253e-53,4.3359804383018e-58,2.20523697934086e-73,8.31281272679736e-60,6.76590744204267e-54,1.35098008842494e-67,1.00785251536101e-157,1.01092715400324e-152,2.16606620741984e-129,7.93402719389745e-172,7.49794580617009e-177,4.91129974265169e-230,2.24531087291544e-174,7.50340057792484e-215,1.79399895493221e-128,1.47001155832517e-198,5.06886662722746e-214,1.53867137456023e-202,8.52373027332184e-138,6.23054000221825e-161,3.96787962586937e-12,4.27099195418176e-30,9.47061841792232e-155,1.42375143018466e-211,7.66420273786186e-38,3.66414845610863e-49,3.37098795657764e-06,3.17940862201755e-42,5.23536621834475e-51,2.03546402146826e-56,6.49908237726962e-53,2.6336735295284e-46,4.17217039474766e-50,4.70499632913431e-38,1.33805994393019e-57,1.04734341716104e-62,5.58020709803476e-33,1.30790717171033e-35,1.22792721700313e-77,1.10324581512434e-60,0,0,2.27880078587712e-314,1.38841899611451e-285,8.68267298330986e-112,3.42173562426747e-131,2.04117279816357e-141,2.23890682383867e-158,8.91249371550348e-23,1.08558500549133e-19,1.08740778411312e-41,1.05934439067701e-12,0,0,0,0,0,0,3.10364921900085e-132,6.41431048530748e-177,1.7007494827724e-246,7.06713866116091e-285,1.35136961360351e-140,1.23639488472231e-201
"col61_day20_24apr2021_E.png",1.4087952092944e-25,1.49202146640759e-31,1.05486344680852e-296,5.2514010921943e-269,5.16151045103895e-298,9.98710720922643e-290,1,0.00544268210192948,3.38972880104948e-29,1.51849519543799e-34,2.42238819551514e-150,1.16325937094409e-140,1.47944634318555e-91,2.16844200048124e-169,1.00277390069411e-112,3.80935686440336e-115,5.10118444394749e-257,5.1140897595023e-285,1.7180564134242e-176,1.05380865548186e-139,1.59463049999679e-110,3.52018322517869e-124,6.75834861865158e-146,4.77766040794777e-142,0,0,2.83525705559436e-209,5.93520714664751e-200,2.96503261305917e-182,7.94118070359371e-190,1.27877728786778e-225,1.96642713929206e-133,5.87219748274705e-197,4.72935454300843e-180,1.83628850753197e-159,7.39152657369634e-168,8.31216042563313e-320,1.61133623935745e-269,3.11062414794795e-268,6.33237840805905e-269,0,0,0,0,0,0,0,0,0,0,0,0,0,1.03289363919571e-318,0,0,0,0,0,0,0,0,0,0,1.0088309157768e-105,1.14565684289042e-135,1.34320289166773e-145,1.45419213541058e-169,7.65550586988083e-192,3.80018311758523e-222,9.49251557280539e-204,2.21081475595794e-202,2.14428952001925e-179,2.31734434643008e-208,2.30712425900339e-277,6.26068196781484e-237,0,0,0,0,0,0,0,0,1.59756519796337e-296,0,0,0,0,0,0,0,0,0,0,0,0,0,0,0,0,0,0,0,0,0,0,0,3.77284185658149e-139,1.31444927723266e-143,1.13323291133326e-269,1.17931680683664e-189,0,0,0,0,0,0,0,0,0,0,0,0,0,0,0,0,0,0,0,0,2.1849584112548e-142,2.74716031571134e-149,1.49070847720621e-138,8.76608909368528e-156,0,0,0,0,0,0,0,0,9.53663816541302e-115,1.1136779115786e-134,1.24925924039979e-82,1.32566764060004e-106
"col61_day20_24apr2021_W.png",2.5909420661984e-20,3.95065937793889e-23,1.80249133860546e-230,7.43114799564434e-207,1.86203293065306e-231,8.21631293351583e-225,0.00544268210192948,1,2.90050360176101e-22,8.54105777101549e-23,3.01118941589349e-118,8.18740071900946e-110,6.98686991252327e-65,8.68205347558446e-135,3.43600030326821e-79,7.19603117158634e-81,1.63473245651153e-199,4.13402917126489e-227,4.95173268851531e-130,2.99499957917675e-124,1.00792655371231e-76,1.04650462917526e-90,5.62329684551696e-109,1.71866336109242e-102,0,0,9.66177216466149e-160,6.69480002888057e-154,7.05659555394537e-135,2.9251276842168e-143,6.12851308761979e-178,1.05001229225701e-98,1.00354404715189e-148,3.91821943150793e-131,6.68120558435152e-119,6.49449300996735e-129,1.30891860072084e-264,4.2033746414515e-215,9.25934464748881e-210,1.70534286398155e-210,1.04430655561464e-319,1.03651777217686e-310,0,0,1.2940128315249e-309,0,1.17871054515703e-289,0,1.85667901251103e-273,0,0,0,7.78427144916561e-263,1.67486438779294e-256,1.04490392230578e-297,2.86558074587923e-322,0,0,0,0,0,0,0,0,6.86317899506781e-83,5.42196554460991e-112,8.12628289875695e-118,7.91440136628589e-140,3.653640803503e-160,2.26812601985335e-188,1.06720843527096e-167,1.15435465680835e-168,4.61291083546843e-142,2.19473555192675e-169,1.32114084559849e-218,3.29546056384906e-186,4.60528723746046e-287,1.14642256559977e-270,4.25103304157331e-266,3.71977440826317e-274,0,0,5.43707148009951e-306,0,5.34509617157052e-239,7.249104043992e-265,5.85270938156836e-301,3.23354552736684e-307,1.61377773973717e-282,3.12495930973866e-303,0,0,0,0,0,0,0,0,0,0,0,0,9.49594171306876e-321,0,3.62111079281809e-274,1.4484829005428e-254,0,0,1.63960831111085e-98,5.09605207625015e-105,2.1235611182708e-212,2.62334042434006e-149,0,0,0,4.94065645841247e-324,0,1.04158047037693e-303,0,0,2.39521455428065e-298,1.21636268495759e-300,0,0,0,0,0,0,0,0,0,0,2.5472530566857e-102,6.13341170526083e-108,3.8434465704582e-104,2.37755666494635e-117,0,0,0,0,0,0,0,0,3.44520096418663e-102,4.51342919302191e-124,1.8531355849027e-63,2.88493645422276e-91
"col61_day32_6may2021_E.png",3.14810075396914e-70,1.30195143348855e-73,4.36661157349055e-282,1.48467582712188e-257,6.55590314431035e-285,2.17746333002913e-278,3.38972880104948e-29,2.90050360176101e-22,1,0.000122812043562996,9.73861031060273e-83,7.77488474616299e-67,7.35814927635313e-48,7.0269380611832e-97,2.1285482361393e-79,3.12490376424187e-83,1.32612830579416e-237,5.67449456962886e-281,3.52133298883993e-170,4.33004597438546e-219,2.78725012739024e-56,9.29108019073535e-60,1.39130848871536e-75,7.02892480555964e-82,0,0,9.87266805523455e-151,1.85703738631362e-133,4.75722877987441e-125,7.93211504423908e-129,2.35665258812938e-156,1.1970550368521e-69,8.9589993180659e-135,5.93900558689019e-134,1.43459878043035e-94,1.12292952054352e-98,4.16560054799379e-250,2.73131765370437e-200,7.48006258387826e-213,8.06700290655276e-228,0,0,0,0,0,0,0,0,1.35036489334444e-314,0,0,3.1113927757802e-312,2.38408563525567e-290,1.24926024610503e-278,0,0,0,0,0,0,0,0,0,0,2.38911891830445e-44,2.18569531605397e-64,5.05397940022911e-68,1.53537817459413e-85,6.09599540978469e-97,2.57990238656295e-123,1.13992537967106e-119,1.79534573086242e-115,1.70943301331807e-113,3.05265724013394e-144,3.26847099299621e-233,8.31230837078142e-181,8.35735537208519e-315,4.63298960805633e-286,2.34247047549941e-287,5.58114395339916e-294,0,0,1.19489951986006e-311,0,1.62897429896351e-244,7.42854312739045e-274,3.3573570281268e-313,0,1.21868431219241e-298,7.95791535756496e-319,0,0,0,0,0,0,0,0,0,0,0,0,1.22009123077972e-290,2.89766952633498e-306,2.77596856483896e-309,4.82645547844417e-273,0,0,1.23182292866812e-153,4.09083998466921e-175,4.12454290526961e-262,2.55591416965689e-237,0,0,0,0,0,0,0,0,0,0,0,0,0,0,0,0,0,0,1.47725628106533e-321,1.12873020096524e-306,2.85029472606525e-153,2.09006024477254e-137,1.87515203928771e-176,4.85590547447941e-177,0,0,0,0,0,0,1.96384765995164e-305,9.98730401207488e-301,4.41694473452043e-215,2.6439137231417e-247,2.09902534546633e-146,4.90665486971189e-196
"col61_day32_6may2021_W.png",4.87329297900744e-69,2.72347366553962e-68,1.53340615658423e-216,1.49729969022832e-195,8.31666992327516e-219,9.55524737912838e-214,1.51849519543799e-34,8.54105777101549e-23,0.000122812043562996,1,6.63458790790441e-61,1.42908809846742e-49,2.47918280152942e-28,1.07469825803554e-73,9.28581666653996e-49,1.1600903174306e-49,6.7086521058915e-178,3.30944619412761e-217,3.68731345369087e-127,6.39415363508843e-189,7.1688327573194e-29,8.5241485999421e-39,1.26529138866008e-57,1.00227200318503e-54,0,0,1.62153917281456e-109,1.22000793574504e-100,2.86493297330263e-86,2.51663357495347e-93,1.08561529452129e-132,3.11304761158231e-50,4.53514454977891e-98,4.50193607198073e-91,2.3977202323349e-67,2.79163796209429e-76,5.27745933275741e-209,1.03849071945752e-158,8.89053308422436e-162,1.32775689116923e-171,3.41293522758854e-279,3.93981256207062e-273,2.42346615729558e-305,0,1.09568380683183e-273,8.26110429498364e-310,4.71256782069325e-259,0,5.99618160126416e-245,6.72948225790929e-305,0,2.5118297434569e-320,1.29198911555122e-229,9.88350503412525e-220,2.81410297073025e-261,7.16576991433698e-283,2.81567523636754e-303,3.97703225555407e-316,0,0,0,0,6.99954485115818e-316,0,2.52554544491955e-38,9.50011469949647e-60,4.86280209543846e-59,3.27908997200925e-75,6.0732203552629e-85,2.3224317364257e-110,7.67970778919635e-101,1.27376187820399e-97,8.69318221634834e-83,3.06056844379205e-114,1.45103249298465e-179,1.6652053219574e-136,3.51585771463037e-253,3.06989963246408e-227,3.56496975443418e-230,5.19941798215044e-235,0,0,7.01354613615438e-261,8.68975754607394e-283,5.67446189643331e-194,2.39919105444449e-219,1.85132343657909e-259,1.47450923726299e-269,9.07081175672782e-240,7.61754069348675e-259,0,0,0,0,0,0,0,0,0,0,0,0,7.51745617323095e-247,6.28419013512516e-262,6.37515181809062e-245,2.02891620531889e-219,0,0,5.73872747852058e-117,4.23628949496129e-136,8.84204533770768e-209,1.04886261136176e-190,4.40526607781778e-298,4.68731008472349e-302,3.5420852090487e-298,3.27649352183398e-282,6.28850839530482e-290,4.50150446539876e-266,6.75310689362181e-278,2.87526129346832e-280,7.53449434971777e-263,7.52312829087889e-266,2.82457460226678e-299,7.14225706770059e-289,0,0,0,0,7.54932306845425e-321,0,3.98880580348743e-274,7.95571605170979e-267,5.82999430202062e-115,6.28845447048017e-103,1.07303172616772e-136,1.95271727421891e-135,0,0,0,0,0,0,8.80345202194535e-258,1.99993382767082e-258,5.97102769632226e-189,4.41634770749152e-220,3.64534134052871e-121,3.43706160546658e-169
"col61_day40_14may2021_E.png",1.662065611735e-155,3.24552870241524e-146,5.74117805703538e-109,3.4426839460828e-104,5.38014327378858e-113,7.23080829424213e-112,2.42238819551514e-150,3.01118941589349e-118,9.73861031060273e-83,6.63458790790441e-61,1,0.00177423016991401,1.30495434371968e-11,0.135090020870546,3.52687880297988e-23,3.84047781177434e-28,1.03124220456416e-77,1.22042810857273e-107,5.7081337166576e-79,4.64926112883911e-295,1.05578397668792e-16,1.07329971300378e-06,3.46513868996717e-11,6.02803692659472e-08,1.47579921135521e-147,4.11907012118453e-148,1.12548104051407e-14,3.96979970381159e-10,5.2686136114376e-13,7.785352170108e-11,2.47420703414014e-36,5.19800334675334e-09,9.24827785095964e-12,2.44196464431678e-25,7.25615602392443e-07,1.49879966846005e-09,6.59107699821611e-49,1.54326583348539e-25,2.76006147324266e-35,1.48022703140164e-50,2.07243743080553e-94,5.52502772245525e-96,4.30920716257972e-110,2.62547113832898e-135,1.4481103506894e-101,1.07485232645228e-126,7.83808572762316e-106,7.62304667951365e-134,8.6875481136258e-101,1.66873515580512e-121,4.87791499625457e-221,6.95308935763974e-207,1.72174532767287e-75,2.04659492671803e-67,2.51039021391355e-87,3.29489647584378e-94,1.43156257792303e-118,4.32788019880827e-117,4.89823878196132e-172,1.46666278041538e-201,2.05379099004761e-157,2.79365445118807e-164,1.54217118601125e-130,1.51882728194912e-150,9.33011929411629e-18,6.70293888499005e-22,7.29711498282881e-16,1.63661351492812e-17,2.07707372008609e-22,1.20172807352364e-29,6.13562072510616e-13,4.00551183736087e-12,0.00631163345986167,1.19407045898458e-10,3.28940611664563e-49,9.26438317404109e-23,4.52205793699165e-85,3.1604975468089e-65,1.73771087659218e-71,2.26724369461766e-71,5.02505174790153e-141,3.01118242800726e-185,5.32767758744722e-78,1.12639216362215e-88,4.22665214256917e-47,1.96079091986848e-58,3.5724131229302e-79,3.61169116612428e-88,4.99741963662897e-70,7.24962144649371e-78,1.88663245354174e-189,7.38459155904395e-182,3.27279921579121e-146,7.59829877479485e-200,4.72464070455895e-194,1.76784950314784e-230,4.02412605716242e-189,1.9652506833056e-227,2.2050123975969e-147,8.54473727316125e-195,8.25201540696048e-167,2.53694365195378e-158,1.24722582446514e-64,6.51145701176198e-72,1.5771868182946e-97,1.28685489874297e-78,7.80376695308202e-166,2.70034628216274e-180,6.68169137905293e-116,2.51551750536548e-151,9.77507429225831e-103,1.58194196034804e-189,1.31628371755032e-103,8.80381008469792e-104,5.11451019571962e-102,4.32942514024218e-96,3.82479867731232e-99,8.82722698057752e-92,6.72182559488643e-87,1.11370678921603e-88,2.4807990580234e-92,5.37591009101723e-94,1.64771342572681e-96,7.03545641078015e-95,0,0,3.697371354076e-181,1.0643612764326e-159,1.69153952255561e-111,8.61099599786237e-121,7.76307230168595e-78,1.52570400565246e-79,1.55490329450156e-98,2.744035898457e-58,1.63234493359824e-147,1.45416905829586e-108,6.34599568998499e-281,1.62724212418276e-291,5.34653979354681e-285,1.01492592007827e-289,1.47062525400839e-242,9.07925609076954e-241,3.70352027903553e-69,1.42935044489165e-76,0,0,3.75244566797255e-207,1.77303734412854e-286
"col61_day40_14may2021_W.png",7.04889510490767e-151,8.99116900147878e-143,1.47752137333402e-136,2.06593860805569e-129,1.58214944763364e-140,6.60590665357551e-139,1.16325937094409e-140,8.18740071900946e-110,7.77488474616299e-67,1.42908809846742e-49,0.00177423016991401,1,3.98525665000205e-12,0.000440226788715725,1.60890523806919e-30,1.44222691532731e-36,1.05778930538589e-105,2.66314415631656e-141,1.61229991578952e-93,4.15476945151304e-298,3.7944848439136e-17,0.0013353280155219,1.68189799029096e-05,2.93391513903464e-09,9.34642092781937e-188,5.17757862796438e-181,1.90656481486913e-27,1.9187735344151e-16,8.87645046402388e-23,3.78918467120135e-19,7.33388172308375e-34,2.95513402589963e-05,8.50208157795036e-21,1.43745945741066e-37,1.91038972648073e-08,3.32846974485229e-08,5.21054690923455e-66,5.77592316792202e-40,2.99758453572835e-56,1.50122755016281e-76,1.15079730592351e-128,6.8546072822566e-132,1.48103174011323e-146,5.12397597305908e-176,5.66009013241383e-134,3.27126501292738e-166,6.55706398029595e-138,2.72243965717548e-175,2.99191223773576e-131,5.13060863435278e-160,2.46539083543362e-194,2.25036234800237e-179,3.09030506128467e-106,5.02473477394547e-97,9.09595312615689e-121,4.52512262204607e-129,1.37545182583198e-156,2.64446264681586e-155,1.23958544270594e-219,1.87195110491555e-252,3.05170611713984e-203,7.65351039184363e-211,2.21520431319711e-171,3.10609825121319e-194,8.059059562439e-08,1.27182603052611e-10,2.80207290603025e-06,8.94289961951662e-09,6.15934643681463e-13,2.74192176786544e-21,1.99514881573969e-11,3.85198022668492e-11,3.45481361672778e-12,7.76307124675772e-23,2.08759145496971e-73,3.74503325827376e-41,2.66325351159625e-116,1.51133750308298e-93,1.31989564478922e-99,3.18525257142479e-102,1.71814241078905e-181,5.72505224485168e-230,2.2990132025331e-103,5.50588909279135e-114,1.33147916541524e-70,2.91684330592815e-85,7.43601530582278e-105,5.02002460739048e-119,5.33069997858826e-100,8.09701630690973e-110,2.55962986508614e-235,1.05642774859849e-227,3.16304560929717e-187,4.43340340915573e-248,2.60411087444748e-240,1.05434695150702e-279,2.96085623420426e-234,5.30321493586864e-278,2.19399666866211e-189,1.23994001931488e-237,1.28289581825772e-202,6.83404141677865e-194,6.79462087741651e-75,3.21788655479992e-80,4.64853377331636e-125,7.9507552083847e-96,7.14436803019506e-203,8.9696334566483e-214,5.94755106739296e-125,7.05242515930125e-162,3.14131330607513e-125,7.18921941083354e-206,6.538313854937e-139,4.921509256654e-139,5.71397462092803e-137,1.22298862187591e-129,2.21283442584783e-133,6.10118601707932e-124,1.60099420226156e-117,1.43130286421208e-119,1.33939001889641e-124,9.80421304211595e-127,1.21333289693231e-128,1.53687102794644e-127,0,0,1.14868047436702e-199,7.49539577105854e-177,3.67089327090342e-143,9.94235014612689e-153,3.67479801450606e-90,4.54487773922667e-90,3.82783939467348e-110,3.54531354166333e-68,1.75543170603387e-160,1.12169411808948e-124,0,0,0,0,2.97696795736331e-269,1.01175802739535e-267,1.33251347038885e-78,5.20943700593328e-77,0,0,9.4593867965043e-210,4.82620409709006e-289
"col61_day46_20may2021_E.png",1.91392387558527e-97,1.73107159502196e-89,5.31480157783151e-92,2.38585574062219e-83,2.38813116376839e-94,7.65771807166271e-93,1.47944634318555e-91,6.98686991252327e-65,7.35814927635313e-48,2.47918280152942e-28,1.30495434371968e-11,3.98525665000205e-12,1,7.34267164263002e-18,3.65392861770246e-06,4.16212639385504e-09,1.85148195272163e-67,1.72096065358347e-97,1.47525328472947e-50,2.82308859581723e-216,0.0457939009538188,0.00111819767834947,1.34855802580687e-11,0.00399166543581468,2.15844497578493e-171,6.75639779134187e-187,1.15792113642781e-20,1.33350460584756e-19,4.46343553475537e-11,2.4795511836859e-14,2.96969402075782e-45,1.40737100567893e-07,8.56830445583472e-16,2.06500818546243e-15,4.34864111241552e-08,4.49565384929646e-16,6.06972990640691e-82,2.81992037644226e-46,6.12489061464902e-45,2.84831172698823e-54,1.25195377060311e-111,2.99716058646905e-110,2.48875257070095e-126,1.44303016890013e-146,1.5358279113881e-108,1.96592774858648e-136,2.16624133096879e-104,1.90660105712969e-148,5.82886459678123e-97,2.96713628648049e-133,1.18198588644822e-263,1.28025240878763e-244,3.82358199859633e-89,8.35221938535945e-83,2.02568291783772e-106,1.28445671400411e-120,1.00391198879716e-133,2.55643125665792e-142,7.79943883381268e-199,3.08144499316935e-242,1.21043866659684e-176,3.44464139929988e-194,4.87499356261719e-148,1.83562096768016e-180,9.60032937431666e-18,8.96136485145685e-33,1.07488097835694e-27,1.79702574189723e-36,6.01493040894605e-48,7.1958263937009e-63,2.02662202978288e-39,1.26120887286726e-41,5.77453198737711e-19,4.12673454020355e-34,7.10401604727928e-58,6.64871175746807e-36,1.35698353304571e-101,1.09126228693666e-83,5.54757113234505e-88,4.25472622431467e-92,4.09086127785366e-173,4.60958658722959e-225,3.00624809289365e-112,1.9853959471976e-127,1.86381482933859e-67,1.16080450535777e-82,1.29286441458635e-106,4.11150444140355e-113,1.42224597017175e-93,3.5339864351381e-107,7.33123742773114e-241,2.50181402716405e-232,8.52440241999906e-194,1.70643004426211e-255,3.36177369301347e-251,2.20354264454368e-296,1.13504040691915e-245,1.1530238434565e-291,1.94867364873377e-195,2.27234434225339e-255,5.47538082733421e-232,3.82743926838886e-222,1.84766882734602e-103,5.11476549279969e-115,2.788397652115e-97,2.48974590405555e-79,4.94289961467544e-214,7.82284988609806e-241,4.43321041050675e-68,8.1120129182671e-95,4.25096964190955e-90,8.27217252474611e-135,2.78320364966424e-127,1.38210801517733e-129,1.85050368466816e-126,1.1217835033027e-117,2.85065582743138e-122,2.62569850887755e-109,3.2667284365512e-112,9.22354543772774e-116,1.31132223719294e-107,1.61204353190013e-110,8.29267178628093e-129,1.27254785899148e-121,0,0,1.31605827602407e-256,2.59064653369732e-230,4.7306234100873e-152,4.25756090844284e-166,3.12778118552569e-118,4.36463437265872e-122,5.15675669679304e-59,3.59336348737914e-35,3.39361272286202e-95,1.30501620003884e-72,0,0,0,0,0,1.97626258336499e-323,1.27629249761022e-104,2.53675233264213e-114,3.47725386630531e-227,1.71006221719381e-266,9.24052282622637e-130,1.07534938790272e-194
